42.32517 -71.09892
42.34093 -71.08425
42.35234 -71.06264
42.36516 -71.06004
42.3981 -71.07729
42.42462 -71.07519
42.40669 -71.07697
42.39519 -71.07726
42.36809 -71.06264
42.35235 -71.06259
42.34086 -71.0841
42.31828 -71.10368
42.32319 -71.09988
42.34093 -71.08425
42.35058 -71.06324
42.36516 -71.06004
42.3981 -71.07729
42.42322 -71.07574
42.415 -71.07683
42.3979 -71.07722
42.37143 -71.06597
42.35406 -71.0619
42.34086 -71.0841
42.31828 -71.10368
42.3215 -71.10114
42.33762 -71.08833
42.3488 -71.06467
42.36395 -71.05888
42.39536 -71.0773
42.41595 -71.077
42.42273 -71.07593
42.40161 -71.07713
42.37384 -71.0703
42.35533 -71.06059
42.34256 -71.08192
42.3223 -71.10047
42.31976 -71.10265
42.33653 -71.0897
42.34806 -71.06641
42.36316 -71.05819
42.39209 -71.07735
42.41595 -71.077
42.42669 -71.07428
42.40161 -71.07713
42.37384 -71.0703
42.35533 -71.06059
42.34571 -71.07814
42.32318 -71.09982
42.31976 -71.10265
42.33653 -71.0897
42.34763 -71.06734
42.36316 -71.05819
42.39209 -71.07735
42.41595 -71.077
42.42669 -71.07428
42.40364 -71.07702
42.37523 -71.07276
42.35656 -71.0592
42.34571 -71.07814
42.32318 -71.09982
42.31678 -71.10459
42.33483 -71.09157
42.34765 -71.06998
42.36316 -71.05819
42.39053 -71.07708
42.40162 -71.07727
42.42861 -71.0735
42.40458 -71.07703
42.37898 -71.07633
42.35881 -71.05775
42.34758 -71.07465
42.32538 -71.09878
42.30213 -71.11312
42.31394 -71.10574
42.33078 -71.09613
42.34767 -71.07464
42.36026 -71.05772
42.39053 -71.07708
42.40162 -71.07727
42.43342 -71.07161
42.40669 -71.07697
42.38425 -71.07695
42.35881 -71.05775
42.34758 -71.07465
42.32725 -71.09804
42.3054 -71.11077
42.31005 -71.10796
42.32854 -71.09757
42.34767 -71.07464
42.35881 -71.05782
42.38868 -71.07706
42.40162 -71.07727
42.43342 -71.07161
42.415 -71.07683
42.38425 -71.07695
42.36248 -71.05787
42.34761 -71.07163
42.3307 -71.09596
42.3054 -71.11077
42.31005 -71.10796
42.32673 -71.09831
42.34606 -71.07784
42.35881 -71.05782
42.38868 -71.07706
42.43342 -71.07161
42.415 -71.07683
42.38587 -71.07694
42.36319 -71.05811
42.34759 -71.06723
42.3307 -71.09596
42.31001 -71.10782
42.30849 -71.10892
42.32319 -71.09988
42.34606 -71.07784
42.35881 -71.05782
42.38424 -71.07705
42.3981 -71.07729
42.43489 -71.07124
42.42273 -71.07593
42.38752 -71.07693
42.36319 -71.05811
42.34759 -71.06723
42.33233 -71.0945
42.31184 -71.1067
42.30595 -71.11056
42.32319 -71.09988
42.34367 -71.08084
42.35749 -71.05822
42.38424 -71.07705
42.3981 -71.07729
42.42669 -71.07428
42.38987 -71.077
42.36473 -71.05959
42.34878 -71.06468
42.33371 -71.09274
42.31318 -71.10594
42.30331 -71.11239
42.32085 -71.10164
42.34093 -71.08425
42.35538 -71.06065
42.3812 -71.07702
42.39209 -71.07735
42.42861 -71.0735
42.3925 -71.07715
42.36514 -71.05999
42.34878 -71.06468
42.33776 -71.08795
42.31682 -71.10443
42.31976 -71.10265
42.33889 -71.08656
42.35391 -71.06209
42.37736 -71.07504
42.39209 -71.07735
42.43342 -71.07161
42.3925 -71.07715
42.36809 -71.06264
42.35003 -71.06375
42.33776 -71.08795
42.31828 -71.10368
42.31678 -71.10459
42.33762 -71.08833
42.35234 -71.06264
42.37736 -71.07504
42.39209 -71.07735
42.43623 -71.07099
42.43342 -71.07161
42.39519 -71.07726
42.36809 -71.06264
42.35235 -71.06259
42.33951 -71.08571
42.31967 -71.10263
42.31529 -71.10523
42.33653 -71.0897
42.35234 -71.06264
42.37376 -71.07041
42.39053 -71.07708
42.43464 -71.07132
42.43342 -71.07161
42.3979 -71.07722
42.37143 -71.06597
42.35235 -71.06259
42.34086 -71.0841
42.3223 -71.10047
42.31208 -71.10663
42.33653 -71.0897
42.35058 -71.06324
42.37376 -71.07041
42.39053 -71.07708
42.43223 -71.07213
42.40027 -71.07721
42.37384 -71.0703
42.35406 -71.0619
42.34086 -71.0841
42.32318 -71.09982
42.31005 -71.10796
42.33483 -71.09157
42.3488 -71.06467
42.37147 -71.066
42.38868 -71.07706
42.43223 -71.07213
42.43489 -71.07124
42.40161 -71.07713
42.37384 -71.0703
42.35533 -71.06059
42.34256 -71.08192
42.32538 -71.09878
42.30215 -71.11317
42.31005 -71.10796
42.3336 -71.09305
42.3488 -71.06467
42.37147 -71.066
42.38868 -71.07706
42.43223 -71.07213
42.40161 -71.07713
42.37384 -71.0703
42.35533 -71.06059
42.34418 -71.08005
42.32538 -71.09878
42.3029 -71.11259
42.30595 -71.11056
42.33078 -71.09613
42.34763 -71.06734
42.36516 -71.06004
42.38424 -71.07705
42.42673 -71.07438
42.40364 -71.07702
42.37898 -71.07633
42.35533 -71.06059
42.34758 -71.07465
42.3307 -71.09596
42.3054 -71.11077
42.30331 -71.11239
42.32673 -71.09831
42.34767 -71.07464
42.36423 -71.0592
42.38424 -71.07705
42.42322 -71.07574
42.40458 -71.07703
42.38425 -71.07695
42.35881 -71.05775
42.34758 -71.07465
42.33233 -71.0945
42.31001 -71.10782
42.30331 -71.11239
42.32517 -71.09892
42.34767 -71.07464
42.36423 -71.0592
42.38217 -71.077
42.42322 -71.07574
42.40669 -71.07697
42.38425 -71.07695
42.35881 -71.05775
42.34758 -71.07465
42.33233 -71.0945
42.31184 -71.1067
42.32319 -71.09988
42.34767 -71.07464
42.36316 -71.05819
42.3812 -71.07702
42.41595 -71.077
42.40669 -71.07697
42.38587 -71.07694
42.35881 -71.05775
42.34759 -71.06723
42.33643 -71.08957
42.31423 -71.10554
42.3215 -71.10114
42.34606 -71.07784
42.36316 -71.05819
42.37736 -71.07504
42.41595 -71.077
42.415 -71.07683
42.38752 -71.07693
42.35881 -71.05775
42.34759 -71.06723
42.33776 -71.08795
42.31682 -71.10443
42.31976 -71.10265
42.34544 -71.07865
42.361 -71.05779
42.37376 -71.07041
42.41595 -71.077
42.42273 -71.07593
42.3925 -71.07715
42.36319 -71.05811
42.34759 -71.06723
42.33776 -71.08795
42.31828 -71.10368
42.31976 -71.10265
42.34367 -71.08084
42.36026 -71.05772
42.37376 -71.07041
42.40274 -71.07717
42.42669 -71.07428
42.3925 -71.07715
42.36319 -71.05811
42.34759 -71.06723
42.33854 -71.08695
42.31967 -71.10263
42.31678 -71.10459
42.34093 -71.08425
42.35881 -71.05782
42.37147 -71.066
42.40162 -71.07727
42.42669 -71.07428
42.39519 -71.07726
42.36473 -71.05959
42.34878 -71.06468
42.34086 -71.0841
42.32318 -71.09982
42.31529 -71.10523
42.33889 -71.08656
42.35881 -71.05782
42.36912 -71.06371
42.40162 -71.07727
42.43014 -71.0729
42.39519 -71.07726
42.36514 -71.05999
42.35003 -71.06375
42.34086 -71.0841
42.32318 -71.09982
42.33889 -71.08656
42.35881 -71.05782
42.36912 -71.06371
42.43014 -71.0729
42.3979 -71.07722
42.36514 -71.05999
42.35003 -71.06375
42.34256 -71.08192
42.32538 -71.09878
42.30213 -71.11312
42.31005 -71.10796
42.33653 -71.0897
42.35749 -71.05822
42.36516 -71.06004
42.39951 -71.07731
42.43342 -71.07161
42.40161 -71.07713
42.36809 -71.06264
42.35235 -71.06259
42.34571 -71.07814
42.32939 -71.09692
42.3029 -71.11259
42.33653 -71.0897
42.35538 -71.06065
42.36423 -71.0592
42.3981 -71.07729
42.43489 -71.07124
42.40161 -71.07713
42.36809 -71.06264
42.35406 -71.0619
42.34758 -71.07465
42.3307 -71.09596
42.3054 -71.11077
42.30595 -71.11056
42.33653 -71.0897
42.35538 -71.06065
42.36395 -71.05888
42.39536 -71.0773
42.40161 -71.07713
42.37143 -71.06597
42.35533 -71.06059
42.34758 -71.07465
42.3307 -71.09596
42.31001 -71.10782
42.30331 -71.11239
42.3336 -71.09305
42.35391 -71.06209
42.36316 -71.05819
42.39209 -71.07735
42.40364 -71.07702
42.37384 -71.0703
42.35533 -71.06059
42.34761 -71.07163
42.33371 -71.09274
42.31001 -71.10782
42.33078 -71.09613
42.35234 -71.06264
42.361 -71.05779
42.39209 -71.07735
42.40458 -71.07703
42.37384 -71.0703
42.35656 -71.0592
42.34759 -71.06723
42.33776 -71.08795
42.31318 -71.10594
42.33078 -71.09613
42.35234 -71.06264
42.361 -71.05779
42.39209 -71.07735
42.40458 -71.07703
42.37523 -71.07276
42.35881 -71.05775
42.34759 -71.06723
42.33776 -71.08795
42.31423 -71.10554
42.32854 -71.09757
42.35058 -71.06324
42.36026 -71.05772
42.39053 -71.07708
42.40669 -71.07697
42.37898 -71.07633
42.35881 -71.05775
42.34878 -71.06468
42.33776 -71.08795
42.31682 -71.10443
42.32517 -71.09892
42.3488 -71.06467
42.35881 -71.05782
42.39053 -71.07708
42.40669 -71.07697
42.37898 -71.07633
42.35881 -71.05775
42.34878 -71.06468
42.33951 -71.08571
42.31682 -71.10443
42.32319 -71.09988
42.34806 -71.06641
42.35881 -71.05782
42.38868 -71.07706
42.43623 -71.07099
42.42273 -71.07593
42.38425 -71.07695
42.36319 -71.05811
42.35101 -71.06286
42.34256 -71.08192
42.31967 -71.10263
42.3215 -71.10114
42.34763 -71.06734
42.35749 -71.05822
42.38424 -71.07705
42.43464 -71.07132
42.42669 -71.07428
42.38587 -71.07694
42.36473 -71.05959
42.35235 -71.06259
42.34418 -71.08005
42.3223 -71.10047
42.31976 -71.10265
42.34765 -71.07243
42.35538 -71.06065
42.38424 -71.07705
42.43223 -71.07213
42.42669 -71.07428
42.38752 -71.07693
42.36505 -71.05987
42.35235 -71.06259
42.34571 -71.07814
42.32318 -71.09982
42.31976 -71.10265
42.34767 -71.07464
42.35538 -71.06065
42.38217 -71.077
42.43223 -71.07213
42.42861 -71.0735
42.38987 -71.077
42.36514 -71.05999
42.35406 -71.0619
42.34758 -71.07465
42.32318 -71.09982
42.31678 -71.10459
42.34767 -71.07464
42.35391 -71.06209
42.3812 -71.07702
42.42673 -71.07438
42.43342 -71.07161
42.3925 -71.07715
42.36809 -71.06264
42.35533 -71.06059
42.34758 -71.07465
42.32725 -71.09804
42.31529 -71.10523
42.34544 -71.07865
42.35234 -71.06264
42.37736 -71.07504
42.42673 -71.07438
42.43489 -71.07124
42.39519 -71.07726
42.36809 -71.06264
42.35533 -71.06059
42.34757 -71.06966
42.32939 -71.09692
42.31208 -71.10663
42.34367 -71.08084
42.35234 -71.06264
42.37376 -71.07041
42.42462 -71.07519
42.39519 -71.07726
42.37143 -71.06597
42.35656 -71.0592
42.34759 -71.06723
42.3307 -71.09596
42.31005 -71.10796
42.34093 -71.08425
42.3488 -71.06467
42.37376 -71.07041
42.42322 -71.07574
42.3979 -71.07722
42.37384 -71.0703
42.35881 -71.05775
42.34759 -71.06723
42.3307 -71.09596
42.30849 -71.10892
42.34093 -71.08425
42.3488 -71.06467
42.37147 -71.066
42.41595 -71.077
42.40161 -71.07713
42.37523 -71.07276
42.35881 -71.05775
42.34878 -71.06468
42.33371 -71.09274
42.30215 -71.11317
42.30595 -71.11056
42.33889 -71.08656
42.3488 -71.06467
42.37147 -71.066
42.41595 -71.077
42.40161 -71.07713
42.37654 -71.07419
42.36136 -71.05777
42.34878 -71.06468
42.33526 -71.09091
42.3029 -71.11259
42.30331 -71.11239
42.33762 -71.08833
42.34806 -71.06641
42.36912 -71.06371
42.41595 -71.077
42.40161 -71.07713
42.37898 -71.07633
42.36319 -71.05811
42.35101 -71.06286
42.33776 -71.08795
42.3054 -71.11077
42.30331 -71.11239
42.33653 -71.0897
42.34765 -71.06998
42.36516 -71.06004
42.40586 -71.07706
42.40161 -71.07713
42.38425 -71.07695
42.36319 -71.05811
42.35235 -71.06259
42.33776 -71.08795
42.3054 -71.11077
42.33483 -71.09157
42.34767 -71.07464
42.36516 -71.06004
42.40162 -71.07727
42.40161 -71.07713
42.38425 -71.07695
42.36473 -71.05959
42.35406 -71.0619
42.33854 -71.08695
42.31001 -71.10782
42.33234 -71.09451
42.34767 -71.07464
42.36316 -71.05819
42.40162 -71.07727
42.40161 -71.07713
42.38752 -71.07693
42.36514 -71.05999
42.35533 -71.06059
42.34086 -71.0841
42.31184 -71.1067
42.33078 -71.09613
42.34544 -71.07865
42.36316 -71.05819
42.40162 -71.07727
42.40161 -71.07713
42.3925 -71.07715
42.36514 -71.05999
42.35533 -71.06059
42.34086 -71.0841
42.31423 -71.10554
42.32854 -71.09757
42.34606 -71.07784
42.361 -71.05779
42.40162 -71.07727
42.40414 -71.07698
42.3925 -71.07715
42.36809 -71.06264
42.35656 -71.0592
42.34256 -71.08192
42.31682 -71.10443
42.32673 -71.09831
42.34367 -71.08084
42.36026 -71.05772
42.40162 -71.07727
42.40458 -71.07703
42.3925 -71.07715
42.36809 -71.06264
42.35735 -71.05827
42.34418 -71.08005
42.31682 -71.10443
42.32319 -71.09988
42.34093 -71.08425
42.35881 -71.05782
42.40162 -71.07727
42.40669 -71.07697
42.39404 -71.07723
42.37143 -71.06597
42.35881 -71.05775
42.34571 -71.07814
42.31828 -71.10368
42.32319 -71.09988
42.34093 -71.08425
42.35881 -71.05782
42.40162 -71.07727
42.40669 -71.07697
42.3979 -71.07722
42.37384 -71.0703
42.36136 -71.05777
42.34758 -71.07465
42.32077 -71.10166
42.32085 -71.10164
42.33889 -71.08656
42.35881 -71.05782
42.39951 -71.07731
42.415 -71.07683
42.40161 -71.07713
42.37384 -71.0703
42.36319 -71.05811
42.34758 -71.07465
42.32318 -71.09982
42.31678 -71.10459
42.33653 -71.0897
42.35538 -71.06065
42.3981 -71.07729
42.42273 -71.07593
42.40161 -71.07713
42.37898 -71.07633
42.36455 -71.05945
42.34761 -71.07163
42.32538 -71.09878
42.31678 -71.10459
42.33653 -71.0897
42.35538 -71.06065
42.39209 -71.07735
42.42669 -71.07428
42.40161 -71.07713
42.37898 -71.07633
42.36473 -71.05959
42.34759 -71.06723
42.32725 -71.09804
42.31529 -71.10523
42.33483 -71.09157
42.35538 -71.06065
42.39209 -71.07735
42.42861 -71.0735
42.40414 -71.07698
42.38425 -71.07695
42.36514 -71.05999
42.34759 -71.06723
42.32939 -71.09692
42.31208 -71.10663
42.33234 -71.09451
42.35346 -71.06241
42.39209 -71.07735
42.43014 -71.0729
42.40458 -71.07703
42.38425 -71.07695
42.36809 -71.06264
42.34878 -71.06468
42.3307 -71.09596
42.31005 -71.10796
42.33078 -71.09613
42.35234 -71.06264
42.39053 -71.07708
42.43623 -71.07099
42.43342 -71.07161
42.40669 -71.07697
42.38752 -71.07693
42.36809 -71.06264
42.34878 -71.06468
42.33371 -71.09274
42.3029 -71.11259
42.30595 -71.11056
42.32854 -71.09757
42.35058 -71.06324
42.38868 -71.07706
42.43464 -71.07132
42.43342 -71.07161
42.415 -71.07683
42.3925 -71.07715
42.37143 -71.06597
42.35003 -71.06375
42.33643 -71.08957
42.3054 -71.11077
42.30595 -71.11056
42.32854 -71.09757
42.35058 -71.06324
42.38868 -71.07706
42.43464 -71.07132
42.43342 -71.07161
42.415 -71.07683
42.3925 -71.07715
42.37143 -71.06597
42.35101 -71.06286
42.33643 -71.08957
42.3054 -71.11077
42.30331 -71.11239
42.3488 -71.06467
42.38424 -71.07705
42.43223 -71.07213
42.43342 -71.07161
42.42273 -71.07593
42.3925 -71.07715
42.37384 -71.0703
42.35235 -71.06259
42.33776 -71.08795
42.31001 -71.10782
42.30331 -71.11239
42.32319 -71.09988
42.34806 -71.06641
42.38424 -71.07705
42.42673 -71.07438
42.42669 -71.07428
42.39519 -71.07726
42.37523 -71.07276
42.35406 -71.0619
42.33776 -71.08795
42.31184 -71.1067
42.32085 -71.10164
42.34763 -71.06734
42.38424 -71.07705
42.42673 -71.07438
42.42669 -71.07428
42.3979 -71.07722
42.37898 -71.07633
42.35533 -71.06059
42.34086 -71.0841
42.31423 -71.10554
42.31976 -71.10265
42.34765 -71.07243
42.3812 -71.07702
42.42673 -71.07438
42.42861 -71.0735
42.40161 -71.07713
42.37898 -71.07633
42.35533 -71.06059
42.34086 -71.0841
42.31682 -71.10443
42.31678 -71.10459
42.34767 -71.07464
42.37736 -71.07504
42.42322 -71.07574
42.43342 -71.07161
42.40161 -71.07713
42.38425 -71.07695
42.35533 -71.06059
42.34256 -71.08192
42.31828 -71.10368
42.31529 -71.10523
42.34544 -71.07865
42.37376 -71.07041
42.41595 -71.077
42.43342 -71.07161
42.40161 -71.07713
42.38587 -71.07694
42.35881 -71.05775
42.34571 -71.07814
42.32077 -71.10166
42.31394 -71.10574
42.34606 -71.07784
42.37376 -71.07041
42.41595 -71.077
42.43342 -71.07161
42.40161 -71.07713
42.38987 -71.077
42.35881 -71.05775
42.34571 -71.07814
42.32318 -71.09982
42.31394 -71.10574
42.34606 -71.07784
42.37376 -71.07041
42.41595 -71.077
42.43342 -71.07161
42.40161 -71.07713
42.38987 -71.077
42.35881 -71.05775
42.34571 -71.07814
42.32318 -71.09982
42.31005 -71.10796
42.34093 -71.08425
42.37147 -71.066
42.40586 -71.07706
42.43489 -71.07124
42.40458 -71.07703
42.3925 -71.07715
42.36248 -71.05787
42.34758 -71.07465
42.32538 -71.09878
42.30849 -71.10892
42.34093 -71.08425
42.36912 -71.06371
42.40162 -71.07727
42.40669 -71.07697
42.39519 -71.07726
42.36319 -71.05811
42.34761 -71.07163
42.32725 -71.09804
42.30595 -71.11056
42.33889 -71.08656
42.36516 -71.06004
42.40162 -71.07727
42.40669 -71.07697
42.39519 -71.07726
42.36319 -71.05811
42.34759 -71.06723
42.3307 -71.09596
42.30331 -71.11239
42.33653 -71.0897
42.36516 -71.06004
42.40162 -71.07727
42.42273 -71.07593
42.40027 -71.07721
42.36473 -71.05959
42.34759 -71.06723
42.3307 -71.09596
42.30215 -71.11317
42.33653 -71.0897
42.36395 -71.05888
42.39951 -71.07731
42.42273 -71.07593
42.40161 -71.07713
42.36514 -71.05999
42.34878 -71.06468
42.33371 -71.09274
42.3029 -71.11259
42.33483 -71.09157
42.36316 -71.05819
42.3981 -71.07729
42.42669 -71.07428
42.40161 -71.07713
42.36739 -71.06207
42.34878 -71.06468
42.33643 -71.08957
42.3054 -71.11077
42.33078 -71.09613
42.36316 -71.05819
42.39536 -71.0773
42.42669 -71.07428
42.40414 -71.07698
42.36809 -71.06264
42.35003 -71.06375
42.33776 -71.08795
42.31001 -71.10782
42.33078 -71.09613
42.36316 -71.05819
42.39209 -71.07735
42.43014 -71.0729
42.40414 -71.07698
42.36809 -71.06264
42.35235 -71.06259
42.33776 -71.08795
42.31001 -71.10782
42.32854 -71.09757
42.361 -71.05779
42.39209 -71.07735
42.43342 -71.07161
42.40669 -71.07697
42.36809 -71.06264
42.35235 -71.06259
42.33951 -71.08571
42.31184 -71.1067
42.32517 -71.09892
42.36026 -71.05772
42.39209 -71.07735
42.43489 -71.07124
42.40669 -71.07697
42.37143 -71.06597
42.35406 -71.0619
42.34086 -71.0841
42.31423 -71.10554
42.32319 -71.09988
42.35881 -71.05782
42.39053 -71.07708
42.415 -71.07683
42.37384 -71.0703
42.35533 -71.06059
42.34256 -71.08192
42.31682 -71.10443
42.3215 -71.10114
42.35881 -71.05782
42.38868 -71.07706
42.42273 -71.07593
42.37384 -71.0703
42.35533 -71.06059
42.34418 -71.08005
42.31682 -71.10443
42.31976 -71.10265
42.35881 -71.05782
42.38677 -71.07701
42.42669 -71.07428
42.37654 -71.07419
42.35533 -71.06059
42.34571 -71.07814
42.31967 -71.10263
42.31678 -71.10459
42.35538 -71.06065
42.38424 -71.07705
42.42669 -71.07428
42.37898 -71.07633
42.35881 -71.05775
42.34758 -71.07465
42.3223 -71.10047
42.31529 -71.10523
42.35538 -71.06065
42.38424 -71.07705
42.43648 -71.07104
42.43014 -71.0729
42.37898 -71.07633
42.35881 -71.05775
42.34758 -71.07465
42.32318 -71.09982
42.31529 -71.10523
42.35538 -71.06065
42.38424 -71.07705
42.43648 -71.07104
42.43014 -71.0729
42.37898 -71.07633
42.35881 -71.05775
42.34758 -71.07465
42.32318 -71.09982
42.31005 -71.10796
42.35538 -71.06065
42.3812 -71.07702
42.43223 -71.07213
42.43342 -71.07161
42.38425 -71.07695
42.36319 -71.05811
42.34759 -71.06723
42.32725 -71.09804
42.31005 -71.10796
42.35391 -71.06209
42.37736 -71.07504
42.43223 -71.07213
42.43342 -71.07161
42.38425 -71.07695
42.36319 -71.05811
42.34759 -71.06723
42.32939 -71.09692
42.30595 -71.11056
42.35234 -71.06264
42.37376 -71.07041
42.42673 -71.07438
42.38752 -71.07693
42.36473 -71.05959
42.34878 -71.06468
42.3307 -71.09596
42.30331 -71.11239
42.35234 -71.06264
42.37376 -71.07041
42.42673 -71.07438
42.3925 -71.07715
42.36514 -71.05999
42.34878 -71.06468
42.33233 -71.0945
42.3029 -71.11259
42.30331 -71.11239
42.35058 -71.06324
42.37147 -71.066
42.42673 -71.07438
42.3925 -71.07715
42.36514 -71.05999
42.35235 -71.06259
42.33526 -71.09091
42.3054 -71.11077
42.30331 -71.11239
42.3488 -71.06467
42.37147 -71.066
42.3925 -71.07715
42.36809 -71.06264
42.35235 -71.06259
42.33643 -71.08957
42.3054 -71.11077
42.3488 -71.06467
42.36912 -71.06371
42.42322 -71.07574
42.39519 -71.07726
42.37143 -71.06597
42.35406 -71.0619
42.33776 -71.08795
42.31001 -71.10782
42.33078 -71.09613
42.35538 -71.06065
42.3812 -71.07702
42.42673 -71.07438
42.415 -71.07683
42.36455 -71.05945
42.34256 -71.08192
42.31001 -71.10782
