42.21883 -71.0003 1804
42.25203 -71.00551 1736
42.30002 -71.06183 1510
42.31119 -71.05323 1709
42.32057 -71.05259 1827
42.33022 -71.057 1648
42.34759 -71.05417 1711
42.35524 -71.06018 1749
42.36122 -71.07162 1502
42.36393 -71.10155 1637
42.37396 -71.11874 1839
42.38826 -71.11895 1866
42.39676 -71.12241 1517
42.39638 -71.1386 1858
42.36278 -71.08929 1747
42.37407 -71.11876 1728
42.35107 -71.05232 1830
42.36147 -71.07437 1616
42.31791 -71.05201 1513
42.33789 -71.05696 1602
42.27315 -71.02737 1879
42.3028 -71.05578 1800
42.21484 -71.00052 1864
